0 0.106358 0.319913 0.0156986 0.030303
0 0.0321821 0.241126 0.0188383 0.0372294
0 0.0296311 0.201732 0.016876 0.0311688
0 0.107339 0.24329 0.0223705 0.0450216
0 0.108516 0.0800866 0.0215856 0.047619
0 0.105181 0.285714 0.0164835 0.0311688
0 0.027865 0.119481 0.0204082 0.0380952
0 0.0306122 0.157143 0.0204082 0.0372294
0 0.0274725 0.082684 0.0259027 0.0510822
0 0.332025 0.82684 0.0353218 0.0692641
0 0.107535 0.166667 0.0243328 0.0441558
0 0.271782 0.838095 0.0302198 0.0623377
0 0.108124 0.207792 0.0223705 0.0467532
0 0.0700549 0.831169 0.038854 0.0658009
0 0.297684 0.572727 0.0663265 0.122078
0 0.106554 0.0411255 0.0255102 0.0528139
0 0.440149 0.449784 0.0647567 0.132468
